*Material, name=CUSTOM
*Density
 1.2e-06
*Elastic, type=ORTHOTROPIC
 4211.35802469, 2267.65432099, 4211.35802469, 2267.65432099, 2267.65432099, 4211.35802469, 0.00102896341463, 971.851851852
 0.00102896341463
*Plastic
 59.4, 0.00000
 67.4, 0.00046
 70.2, 0.00280
 61.8, 0.01277
 60.0, 0.01973
 60.6, 0.02904
 61.1, 0.03827
 61.7, 0.04741
 62.3, 0.05647
 62.8, 0.06543
 63.4, 0.07432
 64.0, 0.08312
 64.6, 0.09184
 65.1, 0.10048
 65.7, 0.10905
 66.3, 0.11754
 66.9, 0.12595
 67.4, 0.13429
 68.0, 0.14256
 68.6, 0.15075
 69.2, 0.15888
 69.7, 0.16693
 70.3, 0.17492
 70.9, 0.18284
 71.5, 0.19070
 72.0, 0.19849
 72.6, 0.20621
 73.2, 0.21388
 73.8, 0.22148
 74.3, 0.22902
 74.9, 0.23650
 75.5, 0.24393
 76.1, 0.25129
 76.6, 0.25860
 77.2, 0.26585
 77.8, 0.27305
 78.4, 0.28019
 78.9, 0.28728
 79.5, 0.29432
 80.1, 0.30130
 80.7, 0.30823
 81.2, 0.31511
 81.8, 0.32194
 82.4, 0.32872
 83.0, 0.33546
 83.5, 0.34214
 84.1, 0.34878
 84.7, 0.35537
 85.3, 0.36191
 85.8, 0.36841
*Potential
 1.0, 1.0, 1.0, 1.0, 1.0, 1.0
