*Material, name=CUSTOM
*Density
 1.2e-06
*Elastic, type=ORTHOTROPIC
 4307.65432099, 2319.50617284, 4307.65432099, 2319.50617284, 2319.50617284, 4307.65432099, 0.00100596125186, 994.074074074
 0.00100596125186
*Plastic
 55.1, 0.00000
 58.1, 0.00354
 51.4, 0.01187
 51.9, 0.02133
 52.4, 0.03070
 52.9, 0.03998
 53.4, 0.04917
 53.9, 0.05828
 54.4, 0.06730
 54.9, 0.07623
 55.4, 0.08508
 55.9, 0.09385
 56.4, 0.10254
 56.9, 0.11116
 57.4, 0.11969
 57.9, 0.12816
 58.4, 0.13654
 58.8, 0.14486
 59.3, 0.15310
 59.8, 0.16127
 60.3, 0.16937
 60.8, 0.17741
 61.3, 0.18538
 61.8, 0.19328
 62.3, 0.20112
 62.8, 0.20889
 63.3, 0.21660
 63.8, 0.22425
 64.3, 0.23184
 64.8, 0.23936
 65.3, 0.24683
 65.8, 0.25424
 66.3, 0.26159
 66.8, 0.26889
 67.3, 0.27613
 67.8, 0.28332
 68.3, 0.29045
 68.8, 0.29753
 69.3, 0.30456
 69.8, 0.31153
 70.3, 0.31846
 70.8, 0.32533
 71.3, 0.33216
 71.8, 0.33893
 72.3, 0.34566
 72.8, 0.35234
 73.3, 0.35897
 73.8, 0.36556
 74.3, 0.37210
*Potential
 1.0, 1.0, 1.0, 1.0, 1.0, 1.0
